0 
13 0 
14 1 0 
26 13 12 0 
13 26 27 39 0 
5 13 14 26 13 0 
7 8 9 20 19 6 0 
13 5 5 14 25 12 6 0 
18 7 6 9 31 18 12 6 0 
24 12 11 5 37 24 18 12 6 0 
30 17 16 6 43 30 24 18 12 6 0 
7 18 19 31 8 5 11 17 23 29 35 0 
15 27 28 39 6 13 19 25 31 37 43 8 0 
9 18 19 30 12 5 9 15 21 27 33 4 10 0 
10 18 19 30 12 5 10 15 21 27 33 5 10 1 0 
11 19 20 31 13 6 10 16 21 27 33 6 10 2 1 0 
12 20 20 31 14 7 11 16 22 27 33 7 10 3 2 1 0 
14 24 25 36 11 10 15 21 26 32 38 7 6 5 5 5 5 0 
15 19 20 30 18 10 11 15 20 26 31 11 14 6 5 5 4 8 0 
16 16 17 25 23 11 10 11 15 20 26 14 20 10 10 9 9 14 6 0 
19 15 15 20 28 15 11 10 11 15 20 19 25 16 15 15 15 20 12 6 0 
23 15 15 17 33 20 15 11 10 11 15 25 31 21 21 21 21 26 18 12 6 0 
28 18 18 15 39 26 20 15 11 10 11 30 37 27 27 27 27 32 24 18 12 6 0 
33 22 21 15 44 31 26 20 15 11 10 36 43 33 33 33 33 38 30 24 18 12 6 0 
15 23 24 34 15 11 14 19 25 30 36 10 10 6 5 4 3 4 5 11 17 23 29 35 0 
18 23 24 33 19 13 15 19 23 29 34 13 14 9 8 7 6 8 3 8 14 20 26 32 4 0 
18 22 22 31 20 13 14 17 22 27 32 13 16 9 8 7 6 10 3 6 12 18 24 30 5 2 0 
18 21 21 30 21 13 13 16 20 25 30 14 18 10 9 8 7 11 3 5 10 16 22 28 7 4 2 0 
18 20 20 28 23 13 13 15 19 23 29 15 19 11 10 9 9 13 5 3 8 14 20 26 9 6 4 2 0 
18 19 19 26 24 14 13 14 17 22 27 17 21 12 12 11 10 15 6 3 6 12 18 24 11 8 6 4 2 0 
19 18 18 25 26 15 13 13 16 20 25 18 23 14 13 13 12 17 8 3 5 10 16 22 13 10 8 6 4 2 0 
20 18 18 24 28 16 13 13 15 19 23 19 25 15 15 14 14 18 10 5 3 8 14 20 15 12 10 8 6 4 2 0 
21 18 18 22 29 17 14 13 14 17 22 21 26 17 17 16 16 20 12 6 3 6 12 18 17 14 12 10 8 6 4 2 0 
22 18 18 21 31 19 15 13 13 16 20 23 28 19 18 18 18 22 14 8 3 5 10 16 19 16 14 12 10 8 6 4 2 0 
24 18 18 20 33 20 16 13 13 15 19 24 30 21 20 20 19 24 16 10 5 3 8 14 21 18 16 14 12 10 8 6 4 2 0 
25 18 18 19 34 22 17 14 13 14 17 26 32 22 22 22 21 26 18 12 6 3 6 12 23 20 18 16 14 12 10 8 6 4 2 0 
26 19 18 18 36 23 19 15 13 13 16 28 34 24 24 24 23 28 20 14 8 3 5 10 25 22 20 18 16 14 12 10 8 6 4 2 0 
28 20 19 18 38 25 20 16 13 13 15 29 36 26 26 25 25 30 22 16 10 5 3 8 27 24 22 20 18 16 14 12 10 8 6 4 2 0 
30 21 20 18 40 27 22 17 14 13 14 31 38 28 28 27 27 32 24 18 12 6 3 6 29 26 24 22 20 18 16 14 12 10 8 6 4 2 0 
31 22 21 18 42 29 23 19 15 13 13 33 40 30 30 29 29 34 26 20 14 8 3 5 31 28 26 24 22 20 18 16 14 12 10 8 6 4 2 0 
33 23 22 18 44 30 25 20 16 13 13 35 42 32 32 31 31 36 28 22 16 10 5 3 33 30 28 26 24 22 20 18 16 14 12 10 8 6 4 2 0 
34 24 23 18 44 31 26 21 17 13 13 36 43 33 32 32 32 37 29 23 17 11 5 3 34 31 29 27 25 23 21 19 17 15 13 11 9 7 5 3 1 0 
35 25 24 18 46 33 28 23 18 14 13 38 45 35 34 34 34 39 31 25 19 13 7 3 36 33 31 29 27 25 23 21 19 17 15 13 11 9 7 5 3 2 0 
36 26 25 18 47 34 29 23 19 15 13 39 46 36 35 35 35 40 32 26 20 14 8 3 37 34 32 30 28 26 24 22 20 18 16 14 12 10 8 6 4 3 1 0 
25 29 29 37 25 20 21 24 28 32 37 20 20 16 15 14 13 14 10 12 17 22 27 33 10 7 7 8 9 10 12 13 15 17 19 21 23 25 26 28 30 31 33 34 0 
25 27 27 34 27 20 20 22 25 29 34 21 22 16 15 14 13 16 10 10 14 18 24 29 12 8 7 7 7 8 9 10 12 13 15 17 19 21 23 25 26 27 29 30 4 0 
26 25 25 30 31 21 20 20 21 25 29 24 27 20 19 18 17 21 13 10 10 13 18 23 17 13 11 9 8 7 7 7 7 8 9 11 13 14 16 18 20 21 23 24 11 7 0 
26 25 25 29 32 22 20 20 21 24 28 25 28 20 19 19 18 22 14 10 10 12 17 22 18 13 12 10 9 8 7 7 7 8 9 10 12 13 15 17 19 20 22 23 12 8 1 0 
27 25 25 29 33 22 20 20 21 23 27 25 29 21 20 19 19 23 14 11 10 12 16 21 18 14 13 11 9 8 7 7 7 7 8 9 11 13 14 16 18 19 21 22 13 9 2 1 0 
28 25 25 28 34 23 21 20 20 22 26 26 31 22 21 21 20 24 16 12 10 11 14 19 20 16 14 13 11 9 8 7 7 7 7 8 9 11 13 14 16 17 19 20 15 11 4 3 2 0 
29 25 25 27 36 25 21 20 20 21 25 28 32 24 23 22 22 26 18 13 10 10 13 18 22 18 16 14 13 11 9 8 7 7 7 7 8 9 11 13 14 15 17 18 17 13 6 5 4 2 0 
29 25 25 26 37 25 22 20 20 21 24 29 33 24 24 23 23 27 18 14 10 10 12 17 23 19 17 15 13 12 10 9 8 7 7 7 8 9 10 12 13 14 16 17 18 14 7 6 5 3 1 0 
25 30 30 39 24 20 22 25 29 34 39 20 19 16 15 14 13 13 10 14 18 24 29 35 10 7 8 9 10 12 13 15 17 19 21 23 25 26 28 30 32 33 35 36 2 6 13 14 15 17 19 20 0 
28 29 30 36 30 23 23 24 27 31 35 24 25 19 18 18 17 19 13 13 15 19 24 29 15 11 10 10 10 10 11 12 13 14 16 18 19 21 23 25 26 27 29 30 5 3 6 7 8 10 12 13 7 0 
28 28 28 33 32 24 23 23 25 28 32 25 28 21 20 19 18 21 14 13 13 17 21 26 17 13 12 11 10 10 10 10 11 12 13 14 16 18 19 21 23 24 26 26 9 5 3 4 5 6 8 9 11 4 0 
31 28 28 30 38 27 24 23 23 24 27 30 34 26 25 24 24 28 19 15 13 13 15 19 23 19 18 16 14 13 12 11 10 10 10 10 11 12 13 14 16 17 18 19 17 13 6 5 5 3 3 3 19 12 8 0 
32 28 28 29 39 28 25 23 23 24 26 31 36 27 26 26 25 29 21 17 13 13 14 18 25 21 19 18 16 14 13 12 11 10 10 10 10 11 12 13 14 15 17 18 19 15 8 7 6 5 3 3 21 14 10 2 0 
35 29 28 28 42 31 27 24 23 23 24 34 39 30 30 29 28 33 24 19 15 13 13 15 29 25 23 21 19 18 16 14 13 12 11 10 10 10 10 11 12 12 14 14 23 19 12 11 10 8 6 5 25 18 14 6 4 0 
38 31 30 28 47 35 31 27 24 23 23 39 44 35 34 34 34 38 29 24 19 15 13 13 34 30 28 26 25 23 21 19 18 16 14 13 12 11 10 10 10 10 10 11 29 25 18 17 16 14 12 11 31 24 20 12 10 6 0 
41 32 32 28 50 37 33 29 25 23 23 41 47 38 37 37 36 41 32 27 22 17 14 13 37 33 31 29 27 26 24 22 20 18 17 15 14 12 11 10 10 10 10 10 32 28 21 20 19 17 15 14 34 27 23 15 13 9 3 0 
44 35 34 29 53 41 36 31 28 25 23 45 51 41 41 40 40 44 36 30 25 20 16 13 41 37 35 33 31 29 27 26 24 22 20 18 17 15 14 12 11 11 10 10 36 32 25 24 23 21 19 18 38 31 27 19 17 13 7 4 0 
34 32 32 34 39 29 27 27 27 29 31 32 35 28 27 26 25 29 21 18 17 17 20 24 24 20 19 17 16 15 14 14 14 14 14 14 15 16 17 19 20 21 22 23 16 13 8 7 7 7 7 7 18 10 7 4 5 8 14 17 21 0 
36 32 32 32 43 32 29 27 27 27 29 35 39 31 30 29 29 32 24 20 18 17 18 20 28 24 22 21 19 18 17 16 15 14 14 14 14 14 15 16 17 17 19 19 21 17 11 10 9 8 7 7 23 15 11 5 4 5 9 12 16 5 0 
33 34 35 40 34 28 28 29 32 35 39 28 29 24 23 22 21 23 18 18 20 24 28 33 19 15 15 15 15 15 16 17 18 19 20 21 23 25 26 28 30 30 32 33 8 8 10 11 12 13 15 16 10 5 7 13 15 19 25 28 32 11 16 0 
35 33 33 35 40 30 28 28 28 30 32 33 36 28 28 27 26 29 22 19 18 18 21 24 25 21 19 18 17 16 15 15 15 15 15 15 16 17 18 19 21 21 23 24 17 13 8 8 8 8 8 8 18 11 7 5 6 9 14 17 21 1 5 11 0 
36 33 33 34 42 32 29 28 28 29 31 35 38 30 29 29 28 31 24 20 18 18 19 22 27 23 21 20 19 18 17 16 15 15 15 15 15 16 17 18 19 19 21 21 19 16 10 10 9 8 8 8 21 13 10 5 5 7 12 14 18 3 2 14 3 0 
37 33 33 33 43 33 30 28 28 28 30 36 39 31 31 30 29 33 25 21 18 18 18 21 29 25 23 21 20 19 18 17 16 15 15 15 15 15 16 17 18 18 19 20 21 17 12 11 10 9 8 8 23 15 12 5 5 5 10 13 16 5 1 16 5 2 0 
34 35 36 41 35 29 29 30 33 36 40 29 30 25 24 23 22 24 19 19 21 24 29 33 20 16 16 16 16 16 17 17 18 20 21 22 24 25 27 28 30 31 33 34 9 9 11 12 12 14 15 16 10 6 7 14 16 19 25 28 32 11 16 1 11 14 16 0 
36 34 34 36 41 31 29 29 29 31 33 34 36 29 28 28 27 30 23 20 19 19 21 25 26 21 20 19 18 17 16 16 16 16 16 16 17 18 19 20 21 22 24 24 17 14 9 9 9 9 9 9 19 11 8 6 7 10 15 18 21 2 5 11 1 3 5 11 0 
37 34 34 35 43 33 30 29 29 30 32 35 38 31 30 29 29 32 24 21 19 19 20 23 28 24 22 21 20 18 17 17 16 16 16 16 16 17 17 18 20 20 21 22 20 16 11 10 10 9 9 9 21 14 10 6 6 7 12 15 18 3 2 14 3 1 2 14 3 0 
38 34 34 34 44 34 31 29 29 29 31 37 40 32 31 31 30 34 26 22 19 19 19 22 29 25 24 22 21 20 18 17 17 16 16 16 16 16 17 17 18 19 20 21 21 18 12 12 11 10 9 9 23 16 12 6 6 6 10 13 17 5 2 16 5 2 1 16 5 2 0 
42 36 35 34 49 38 34 31 29 29 29 41 46 37 36 36 35 39 31 26 23 20 19 19 35 31 29 28 26 24 23 21 20 19 18 17 16 16 16 16 16 16 17 17 28 24 18 17 16 15 13 12 30 22 18 11 10 7 6 7 10 12 7 23 12 9 7 23 12 9 7 0 
44 37 36 34 52 40 36 33 30 29 29 43 48 39 39 38 38 42 33 29 24 21 19 19 38 34 32 30 28 27 25 24 22 21 20 18 17 17 16 16 16 16 16 16 31 27 21 20 19 17 15 15 33 25 21 14 12 9 6 6 8 15 10 26 15 12 10 26 15 12 10 3 0 
34 39 40 48 32 30 32 35 38 43 47 29 26 25 24 23 22 22 20 23 27 32 37 42 19 17 17 18 20 21 22 24 25 27 28 30 32 34 35 37 39 40 42 43 10 13 19 20 21 22 24 25 9 12 16 23 25 29 35 38 42 21 26 10 21 24 26 10 21 24 26 33 36 0 
35 36 36 41 37 30 30 31 33 36 39 31 31 26 25 25 24 25 20 20 21 24 28 32 21 18 17 17 17 17 17 18 18 19 20 22 23 24 26 27 29 30 31 32 11 10 11 11 12 13 14 15 12 7 7 13 14 18 24 26 30 9 14 2 9 12 14 2 9 12 14 21 24 12 0 
39 35 35 35 45 34 32 30 30 30 32 37 41 33 32 31 31 34 26 23 20 20 20 23 30 26 24 23 22 20 19 18 18 17 17 17 17 17 18 18 19 20 21 22 22 18 13 12 12 11 10 10 24 16 13 7 7 7 11 13 17 5 3 16 5 2 2 16 5 2 1 7 10 26 14 0 
38 39 39 44 39 33 33 34 36 39 42 33 34 29 28 27 26 28 23 23 24 27 31 35 24 20 20 20 20 20 20 21 21 22 23 25 26 27 29 30 32 32 34 35 13 13 14 14 15 16 17 18 14 10 10 15 17 20 26 28 32 11 16 5 11 13 15 4 10 13 15 22 25 11 3 15 0 
38 38 38 42 41 33 33 33 34 37 40 35 36 30 29 28 27 30 24 23 23 25 28 32 25 21 21 20 20 20 20 20 20 21 21 22 23 25 26 27 29 29 31 32 15 13 13 13 13 14 15 15 17 10 10 12 14 17 22 25 28 8 12 7 7 10 12 6 7 9 11 18 21 15 4 11 4 0 
41 38 38 39 46 37 34 33 33 33 35 39 42 35 34 33 32 36 28 25 23 23 24 26 31 27 26 25 23 22 21 21 20 20 20 20 20 20 21 21 22 23 24 25 23 19 15 14 14 13 13 13 24 17 14 10 10 10 14 16 19 7 6 15 6 5 5 15 5 4 4 8 11 25 13 3 14 10 0 
43 38 38 38 49 39 36 34 33 33 34 42 45 37 36 36 35 38 31 27 24 23 23 24 34 30 29 27 26 25 23 22 21 21 20 20 20 20 20 20 21 21 22 22 26 23 17 17 16 15 14 13 28 20 17 11 10 10 11 13 16 10 6 19 9 7 5 19 8 6 5 5 8 29 17 4 18 14 4 0 
41 40 40 43 43 36 35 35 36 38 40 37 38 33 32 31 30 32 26 25 25 26 29 32 28 24 23 23 22 22 22 22 22 22 23 23 24 25 26 27 29 29 31 31 18 16 15 15 15 15 16 16 19 13 12 13 14 16 21 24 27 8 12 9 8 9 11 9 7 9 10 17 19 18 7 10 6 2 8 12 0 
42 41 41 44 45 37 36 36 36 38 41 39 40 34 33 32 31 34 27 26 26 27 29 32 30 25 25 24 23 23 23 23 23 23 23 24 25 25 26 28 29 29 31 31 20 17 16 16 16 16 16 17 21 14 13 13 14 17 21 23 27 9 12 11 8 10 11 10 7 9 10 16 19 19 8 10 7 4 7 11 1 0 
45 41 41 41 50 40 38 36 36 36 37 43 45 38 38 37 36 39 32 29 26 26 26 28 35 31 29 28 27 26 25 24 24 23 23 23 23 23 23 24 24 25 25 26 26 23 18 18 17 17 16 16 28 20 17 13 13 13 15 17 19 10 9 18 10 8 8 18 9 7 7 9 11 27 16 6 16 12 3 3 10 9 0 
46 41 41 41 51 41 39 37 36 36 37 44 47 40 39 38 37 41 33 30 27 26 26 27 36 32 31 29 28 27 26 25 24 24 23 23 23 23 23 23 24 24 25 25 28 24 20 19 18 17 17 16 29 22 19 14 13 13 14 15 18 12 9 20 11 9 8 20 10 8 7 8 9 29 18 6 18 14 5 3 12 11 2 0 
46 41 41 41 52 42 39 37 36 36 36 45 48 40 39 39 38 41 34 30 27 26 26 27 37 33 31 30 29 28 26 25 25 24 23 23 23 23 23 23 23 24 24 25 28 25 20 20 19 18 17 17 30 23 19 14 13 13 13 15 17 12 9 21 12 10 8 21 11 9 8 7 9 30 18 7 19 15 5 3 13 12 3 1 0 
47 42 41 41 53 42 39 37 36 36 36 45 48 41 40 39 38 42 34 31 28 26 26 26 38 33 32 31 29 28 27 26 25 24 24 23 23 23 23 23 23 23 24 24 29 26 21 20 20 18 17 17 31 23 20 15 14 13 13 14 17 13 10 22 12 10 9 22 12 9 8 7 8 31 19 7 20 16 6 3 14 13 4 2 1 0 
48 48 48 50 50 43 43 43 43 45 47 45 45 40 39 38 37 39 34 33 33 34 36 39 35 31 31 30 30 30 30 30 30 30 30 31 31 32 33 34 35 36 37 37 25 24 23 23 23 23 23 24 26 20 20 20 21 23 26 29 32 16 18 16 15 16 17 15 14 15 16 21 23 22 13 15 11 10 12 15 8 7 12 13 14 15 0 
50 48 48 49 53 45 43 43 43 44 45 47 48 42 41 40 39 42 35 33 33 33 34 36 38 34 33 32 31 31 30 30 30 30 30 30 30 31 31 32 33 33 34 34 28 25 23 23 23 23 23 23 29 22 21 20 20 21 23 25 28 16 16 19 15 15 15 18 14 14 14 17 19 26 16 13 14 12 10 12 9 8 8 9 10 11 5 0 
48 52 52 58 46 43 44 47 49 53 56 43 40 39 38 37 36 36 33 35 38 41 45 49 33 30 30 31 31 32 33 34 35 36 37 39 40 41 43 44 46 46 48 49 23 24 28 28 29 30 31 32 23 22 24 29 31 34 39 42 45 25 29 17 25 27 29 16 24 26 28 34 37 14 17 28 14 17 26 29 17 18 26 28 29 30 16 21 0 
60 54 54 51 66 56 52 50 48 46 46 59 62 54 53 53 52 55 48 44 41 38 36 36 51 47 45 44 43 42 40 39 38 37 36 35 35 34 33 33 33 33 33 33 42 39 34 34 33 32 31 30 44 37 33 28 27 25 23 23 23 26 23 34 26 24 22 34 25 23 22 18 17 43 32 21 31 28 19 17 25 24 16 14 14 13 23 18 39 0 
61 55 54 51 67 57 53 50 48 47 46 60 63 55 55 54 53 57 49 45 42 39 37 36 53 48 47 45 44 43 42 40 39 38 37 36 35 35 34 33 33 33 33 33 44 41 36 35 34 33 32 31 46 38 35 29 28 26 24 23 23 28 24 36 27 25 24 36 27 24 23 19 18 45 34 22 33 29 21 18 27 26 18 16 15 14 25 20 41 2 0 
57 56 56 57 59 52 51 51 51 52 54 53 54 49 48 47 46 48 42 41 41 41 42 44 44 40 39 39 38 38 38 38 38 38 38 38 38 39 39 40 41 41 42 42 34 32 31 31 31 31 31 31 34 29 28 28 28 29 31 33 35 24 24 25 23 23 23 24 22 22 22 25 27 29 22 21 20 18 18 20 16 15 16 17 18 18 8 8 20 20 22 0 
57 58 58 63 56 52 52 53 55 57 60 52 50 48 47 46 45 45 42 42 43 46 48 52 42 39 39 39 39 39 40 40 41 41 42 43 44 45 46 47 48 49 50 51 32 32 33 33 34 34 35 36 32 29 30 33 34 36 40 42 45 28 31 24 27 29 30 23 26 28 29 34 37 24 22 29 19 20 26 29 19 19 25 27 28 28 13 17 10 33 35 13 0 
58 57 57 58 60 53 52 52 52 53 55 54 55 50 49 48 47 49 43 42 42 42 43 45 45 41 40 40 39 39 39 39 39 39 39 39 39 40 40 41 42 42 43 43 34 33 32 32 32 32 32 32 35 30 29 29 29 30 32 34 36 25 25 26 24 24 24 25 23 23 23 26 28 30 23 22 21 19 19 21 17 16 17 18 18 19 9 9 21 20 22 1 13 0 
64 59 59 57 70 60 57 55 53 52 52 63 65 58 58 57 56 59 52 48 46 43 42 42 55 51 49 48 47 46 45 44 43 42 41 41 40 40 39 39 39 39 39 39 45 43 38 38 37 36 35 35 47 40 37 33 32 30 29 29 29 30 28 37 30 28 27 37 29 27 26 23 23 45 34 25 33 30 23 21 27 26 20 18 18 17 23 19 39 6 6 19 32 19 0 
68 63 63 61 74 64 61 59 57 56 56 67 69 62 61 61 60 63 56 52 50 48 46 46 59 54 53 52 51 50 49 48 47 46 45 45 44 44 43 43 43 43 43 43 49 46 42 42 41 40 39 39 50 43 41 37 36 34 33 33 33 34 32 41 33 32 31 40 33 31 30 27 27 48 38 29 37 33 27 25 31 29 23 22 22 21 26 22 41 10 10 20 33 20 4 0 
69 64 64 61 75 65 62 60 58 56 56 68 70 63 63 62 61 64 57 53 50 48 47 46 60 56 54 53 52 51 50 49 48 47 46 45 45 44 44 43 43 43 43 43 50 48 43 43 42 41 40 40 52 45 42 38 37 35 33 33 33 35 33 42 35 33 32 41 34 32 31 28 27 49 39 30 38 35 28 26 32 31 25 23 23 22 28 23 43 10 10 22 35 22 5 2 0 
63 66 66 71 61 58 59 61 63 65 68 58 55 54 53 52 51 51 48 49 51 54 57 60 48 45 45 45 46 46 47 48 48 49 50 51 52 53 54 55 57 57 58 59 38 39 41 41 42 42 43 44 38 36 37 41 42 44 48 50 53 36 39 31 36 37 39 30 35 37 38 43 45 29 30 37 26 28 34 37 28 27 34 35 36 37 21 25 15 40 42 20 8 19 38 39 41 0 
64 64 64 66 65 59 59 59 59 60 62 60 60 56 55 54 53 54 49 49 49 49 51 53 50 47 46 46 46 46 46 46 46 46 46 46 47 47 48 49 49 50 50 51 40 39 39 39 39 39 39 39 41 36 36 36 36 37 40 41 43 32 33 31 31 31 32 30 30 30 31 34 35 34 29 30 26 26 27 28 24 23 25 25 26 26 16 16 22 26 28 8 12 7 23 23 25 16 0 
71 72 72 76 69 66 66 67 68 70 73 66 63 62 61 60 59 59 56 56 57 59 61 64 56 53 53 53 53 53 53 54 54 55 55 56 57 58 59 59 60 61 62 62 46 46 47 47 47 48 49 49 46 43 43 46 47 48 51 53 56 41 43 38 40 42 42 37 39 41 42 45 47 37 36 41 33 34 38 40 32 32 36 37 38 39 25 28 23 39 41 20 14 19 35 35 37 9 13 0 
71 72 72 75 70 66 66 67 68 70 72 66 64 62 61 60 59 59 56 56 57 58 60 63 56 53 53 53 53 53 53 53 54 54 55 55 56 57 58 59 59 60 61 61 46 46 46 47 47 47 48 48 46 43 43 45 46 47 50 52 54 41 42 38 40 41 42 37 39 40 41 44 46 37 36 40 33 33 37 39 32 31 35 36 37 37 24 26 24 37 39 19 14 18 34 33 35 10 11 2 0 
71 71 71 74 70 66 66 66 67 69 71 66 65 62 61 60 59 60 56 56 56 57 59 62 56 53 53 53 53 53 53 53 53 54 54 55 55 56 57 57 58 59 59 60 46 46 46 46 46 47 47 47 46 43 43 44 45 46 49 50 53 40 41 38 39 40 40 37 38 39 39 43 44 38 36 39 33 33 35 37 31 30 34 34 35 36 23 25 25 35 36 17 14 16 31 30 32 12 9 5 3 0 
77 73 73 71 82 73 70 68 67 66 66 75 77 71 70 69 68 71 64 61 59 57 56 56 67 62 61 60 59 59 58 57 56 55 55 54 54 53 53 53 53 53 53 53 57 54 51 50 50 49 49 48 58 51 49 46 45 44 43 43 43 43 41 48 42 41 40 47 41 40 39 37 37 54 45 38 43 41 36 34 38 37 32 31 31 31 32 29 45 20 20 25 35 24 14 10 10 39 24 34 32 29 0 
78 74 73 71 83 74 71 69 67 66 66 76 78 72 71 70 69 72 65 62 60 58 56 56 68 64 62 61 60 59 59 58 57 56 55 55 54 54 53 53 53 53 53 53 58 56 52 51 51 50 49 49 59 53 50 47 46 44 43 43 43 44 42 49 43 42 41 48 42 41 40 38 37 55 46 39 45 42 37 35 39 38 33 32 32 31 33 30 47 20 20 26 37 26 14 10 10 41 25 36 34 31 2 0 
74 75 75 78 72 69 69 70 71 73 75 69 67 65 64 63 62 62 59 59 60 61 64 66 59 56 56 56 56 56 56 57 57 57 58 59 59 60 61 62 63 63 64 65 49 49 50 50 50 50 51 51 49 46 46 48 49 50 53 55 57 44 46 41 43 44 45 40 42 43 44 47 49 40 39 43 36 36 40 42 35 34 38 39 40 40 27 30 26 40 41 22 17 21 36 35 37 12 14 3 3 5 33 35 0 
74 74 74 77 73 69 69 69 70 72 74 69 67 65 64 63 62 62 59 59 59 60 62 64 59 56 56 56 56 56 56 56 56 57 57 57 58 59 59 60 61 61 62 63 49 49 49 49 49 50 50 50 49 